31
48
44
27
24
2
6
12
38
10
10
34
36
45
34
47
38
41
11
35
21
24
45
6
47
49
47
9
19
43
42
9
4
19
30
48
12
13
33
46
46
38
4
30
49
50
6
31
34
43
1
50
22
48
13
1
39
35
7
2
10
10
15
50
45
37
50
19
18
2
37
50
43
2
24
24
11
20
48
39
42
37
3
29
25
6
15
41
48
35
21
22
13
33
20
15
23
24
23
35
26
22
16
35
50
2
41
35
46
35
10
11
8
36
13
40
8
46
4
35
3
5
14
35
7
31
26
41
21
17
1
40
16
25
30
33
43
43
12
30
44
8
16
9
48
30
35
22
35
36
45
46
1
39
22
28
48
48
13
14
44
35
30
8
17
42
48
1
48
27
18
12
16
43
10
27
4
43
40
27
16
47
43
41
33
36
4
44
13
46
45
3
45
30
48
28
36
25
38
42
