16
37
34
17
4
17
10
24
39
17
1
37
19
14
6
13
2
4
8
38
1
20
8
29
12
9
39
15
38
25
1
40
25
36
20
23
1
1
13
5
26
34
9
26
38
18
31
25
1
26
34
14
3
16
2
7
2
9
34
36
40
26
15
34
35
11
25
18
32
17
30
22
6
36
22
27
33
10
24
1
18
28
14
16
28
27
9
18
16
7
9
36
24
16
26
8
33
15
29
7
24
37
23
7
15
15
19
6
33
30
21
25
39
17
20
8
32
21
3
38
37
24
13
15
4
33
19
7
6
19
7
33
37
37
33
33
30
33
18
2
17
27
33
12
4
32
8
13
4
1
6
5
24
21
7
28
36
19
7
28
28
39
39
4
33
38
19
17
16
21
4
18
32
19
22
40
4
32
27
31
6
8
5
22
4
24
30
40
20
23
30
15
28
18
32
4
25
31
32
5
30
12
23
1
36
39
23
23
8
16
4
8
10
30
35
21
15
18
31
7
18
29
36
22
9
39
30
6
12
20
24
14
6
13
37
2
22
15
39
20
13
35
39
13
3
23
13
14
1
23
11
36
18
17
31
25
14
35
22
12
29
27
13
28
18
20
5
33
40
5
8
24
39
29
10
26
30
23
20
33
37
4
38
36
5
36
9
12
28
33
4
24
21
30
4
13
5
5
39
38
17
2
17
5
10
15
4
37
3
24
9
23
17
14
24
16
18
3
33
34
33
32
9
36
26
6
39
4
39
20
27
5
23
29
23
29
15
32
16
27
27
33
15
5
15
29
3
31
21
25
17
19
34
8
31
4
9
6
29
24
8
39
28
15
40
13
20
37
5
2
14
21
12
34
32
13
17
40
8
25
10
7
24
7
37
9
39
36
3
2
36
25
35
21
32
13
20
22
36
20
16
38
30
26
39
35
10
31
1
3
28
36
30
26
39
17
22
13
8
14
20
3
8
13
11
24
16
13
12
8
10
1
21
6
39
36
13
11
7
35
2
24
13
27
5
34
22
7
34
38
31
34
10
9
4
6
5
13
20
40
20
12
12
38
20
8
2
39
10
12
3
3
25
10
26
37
12
18
33
10
29
13
36
27
27
9
31
31
27
19
18
6
13
27
7
1
2
17
1
18
31
7
30
40
7
39
22
30
3
18
10
27
17
10
6
40
40
24
35
2
21
1
16
34
27
40
22
30
38
14
15
19
28
36
14
31
3
14
35
23
8
36
23
39
14
29
31
9
13
22
37
38
36
21
37
3
30
28
2
15
2
23
21
19
10
35
22
32
39
5
36
31
12
13
4
2
34
5
8
5
20
12
18
38
16
28
1
23
3
31
25
15
27
39
31
23
25
28
4
33
22
5
5
7
19
18
1
17
37
34
27
25
40
9
28
13
40
8
32
13
36
16
23
40
5
14
28
6
27
21
4
35
39
19
11
12
16
33
12
30
23
16
36
6
35
18
24
36
16
33
1
24
16
34
6
23
10
23
33
12
21
7
23
24
37
16
13
9
19
23
29
4
36
9
20
38
27
37
29
30
33
22
38
15
2
6
17
27
23
12
10
15
28
20
2
18
30
3
7
24
27
3
19
23
35
7
37
31
6
3
27
24
33
25
15
16
7
15
13
39
39
10
24
29
23
39
7
2
5
34
15
7
22
16
37
22
34
14
23
28
21
14
14
30
30
4
11
13
18
9
23
27
28
3
29
27
16
11
30
16
18
5
21
33
26
24
10
4
35
5
18
31
19
12
30
26
34
10
37
28
40
36
12
39
32
38
29
4
5
2
14
16
38
10
13
39
26
26
14
9
39
2
15
23
5
15
33
18
23
9
12
12
17
4
37
10
31
10
18
15
36
30
37
13
12
10
27
28
39
25
29
7
29
12
22
9
22
31
34
19
33
11
21
20
4
15
6
19
13
24
8
22
31
19
21
6
25
28
38
13
8
4
34
31
17
39
6
36
37
36
34
26
26
1
39
11
31
4
9
24
16
33
24
40
33
32
6
21
2
10
35
8
8
28
19
19
1
2
8
10
9
23
7
4
11
4
1
5
17
24
13
28
6
19
29
13
30
8
13
26
37
24
10
31
38
15
40
17
27
23
31
12
27
17
34
39
8
5
1
36
30
22
20
18
22
28
1
26
11
38
30
12
16
6
35
37
4
16
40
19
39
14
40
32
39
3
29
1
3
16
35
21
8
5
9
3
9
18
9
28
8
21
27
5
36
22
8
21
26
37
19
23
16
10
25
21
15
23
7
17
