[-2 2 -2 0 6 5 1 -2 2]
[24 11 15 -7 7 -1]
[3 -1 -2 2 0 1 3 0 -1 -1 -1]
[-5 -2 -1 -1 17 0 -4]
[-8 -3 -2 18 9 9]
[0 1 0 -6 2 2 -4 -1 3 -1]
[40509 4383]
[24452 11749]
[-3 -4 8 7 -2 -2 -1 -1]
[-4 9 -9 -5 -4 -3 0 -2]
[1 8 1 -3 11 -1 -2]
[402 -112 -1057]
[-22 4 17 -4 59]
[-3 -24 -9 -13 1]
[-4 4 6 -2 7 1 7]
[-2 0 5 6 -1 -2 0 0 -6]
[0 -4 2 -1 -1 1 0 -2 -4 -1]
[45 7 -12 -36 -5]
[-2 3 -2 -1 -2 2 -4 -1 2 3]
[-4 1 0 2 -7 -2 -1 -2 -3]
[1 2 0 0 -6 -1 -4 4 -1]
[-10 10 10 -1 -6 5 -1]
[24240 30888]
[25 23 -52 -58]
[0 -2 0 2 1 1 0 1 -3 1 0]
[1108 -349 -28]
[1 -2 -1 2 -4 3 2 0 -5]
[36 -23 -28 -6 11]
[-3 -4 -4 0 29 -2]
[0 -11 5 1 3 -3 -2 -1]
[1 2 4 -3 1 -1 -3 0 2]
[-2 -1 -1 1 0 1 -1 2 5 -4]
[-16866 -14174]
[-3 4 1 2 -9 -11 -2]
[-3 1 0 -1 1 3 0 2 1 -3 -2]
[1 1 -2 2 -1 -1 -6 5]
[3 -5 -4 0 -2 0 -1 1 -3 -1]
[2 -2 -3 -4 -2 0 2 1 0 4]
[4 2 0 0 -1 0 0 -3 0 3 0]
[-15 6 -13 -13 25 -1]
[-4 -15 -15 -29 38]
[6 5 -1 -11 1 -1 5]
[1 -2 1 3 0 0 2 0 -3 1]
[-3 33 -81 107]
[0 -8 1 2 -1 4 3 2 0]
[2 -1 -3 -1 1 -1 0 -2 1 -3]
[0 0 -2 0 -4 3 1 -3 1 -4 -1]
[-25 31 -29 -12 22]
[12 -14 -7 -14 1 -6]
[0 -2 12 -8 -5 1 6]
[1 4 -2 -2 -1 0 0 0 0 -1 -1]
[3 -2 4 5 1 3 0 1 -1]
[7 -102 -70 -66]
[-2 -1 3 2 6 2 -2 -1 -4 1]
[-57 73 -43 -86]
[950 417 650]
[119 -29 82 -29]
[2 1 1 -1 0 -1 0 0 3 3 -3]
[2 0 1 -1 1 -1 -6 4 -4]
[-4 -5 5 0 -6 4 -6 -5]
[5 0 0 -6 4 2 4 -9]
[0 -3 1 -1 0 1 0 2 -4 1 1]
[329 -960 642]
[17 -10 16 -15 -6 -1]
[1 -5 -8 5 -4 -2 1 -1]
[1 2 -1 0 -1 -2 -3 4 0 1]
[2 -7 -6 9 -4 2 3 1]
[-1 -3 -3 -1 -1 0 -3 0 0 1 0]
[2 2 4 2 1 -1 3 -5 -2]
[-31 34 -42 -30 5]
[25 25 -45 28]
[542 423 -56]
[-3 -1 0 3 0 0 -5 2 -1 1 1]
[-1 -5 3 0 3 1 2 -4 -2]
[4 2 0 3 -1 -4 -5 -3]
[4 0 4 -2 4 1 1 -2 0 0]
[-3 -5 5 1 0 4 6 -1]
[4 0 1 -4 -1 -3 -7 7]
[-4 1 1 -3 2 5 1 -4]
[8 4 3 0 2 -8 2 1]
[6 7 -3 -6 -1 3 -3]
[11508 -702]
[-2 -8 19 23 49]
[-2 3 1 -2 -1 2 -5 -3 0 0]
[-2 -3 1 2 1 -1 3 1 3 2]
[7 24 1 22 2 -7]
[32 38 -105 -57]
[-25901 -8293]
[-5 3 -33 -28 11]
[-2 -12 -12 -1 8 -1]
[0 1 5 -2 2 0 0 3 0 0]
[110 43 94 -9]
[5 -1 -3 0 2 -1 -2 1 -3 2]
[-2 -2 5 1 6 -1 3 -4]
[-95 -140 10 65]
[1 13 2 10 2 2 -7]
[-3770 4535]
[17134 41831]
[1 2 -3 -1 -3 -7 3 0 -6]
[147 -303 62]
[2 4 -1 7 3 -3 1 4]
[-34962 -15413]
[67 -58 0 85]
[3823 -2557]
[-847 85 661]
[-2 -1 2 -1 -3 0 -1 4 -2 0]
[4 -20 -25 23 25]
[-2 -4 17 10 -2 -5]
[19798 4624]
[20 -40 -2 29 0]
[-1009 7647]
[10 18 31 -3 5]
[-5 -13 8 8 16 17]
[-2 1 2 -2 4 -1 -5 2 -2]
[1 2 -3 7 -3 -1 -5 2 1]
[-501 -706 -619]
[591 -32 155]
[-2 1 -6 -15 -2 -6 5]
[0 1 3 0 1 -1 1 -1 0 -2 -2]
[17 22 -47 37 9]
[-1 2 0 -3 -2 0 2 4 7]
[-454 -352 539]
[5 11 25 1 4 -3]
[1 -4 3 -3 -4 5 2]
[2 0 0 2 1 3 -2 1 4 0 0]
[-2 0 -2 2 1 3 -1 4 1 -2 1]
[0 3 4 -6 7 4 5 0]
[531 123 508]
[1 1 -1 -1 1 4 3 4 0 -4 -1]
[59 116 -17 -98]
[-7 -6 -2 6 -5 5 1]
[2 0 -2 -2 3 -2 1 -1 0 -4 3]
[-2 2 -1 1 3 1 0 -2 4 0 0]
[102 53 -68 -107]
[-6 -29 -12 4 9 17]
[-3 -1 5 0 6 -4 0 0 1]
[-6 -3 -12 -3 0 -1]
[-11729 23531]
[4 0 1 -1 0 -3 -7]
[-2947 8233]
[-1 4 0 -3 -3 -4 5 -2 -1 1]
[-7434 3745]
[7659 -4147]
[-3 13 -48 81]
[-1 -3 -10 -2 1 -2 3 1]
[2 2 -3 -3 -2 0 1 -1 0 -2 1]
[11 14 -6 -1 -3 -4 6]
[-13 4 0 9 -1 -5]
[-147 -25 -15 -39]
[-333 725 878]
[-30755 23727]
[1 3 -2 0 2 2 2 -5 0 -2]
[9 10 9 11 -4 -1]
[2 3 -3 1 -2 -3 -3 2 0 1 0]
[-24672 -9071]
[-2 4 0 2 -6 -2 -6 3]
[-15 -13 9 -11 7 -8]
[-2 2 1 1 1 -2 -1 -1 0 -1 -1]
[1 -4 0 3 -3 -1 -1 0 -2 -5]
[1 9 1 -2 2 0 4 -4]
[22 30 -8 -57 11]
[-5 1 -3 -2 2 2 -4 1 2 -1]
[11 7 -13 3 5 3 1]
[-6797 -29971]
[-1 -7 -2 2 -2 -5 -1 5]
[-25 -3 -5 17 -35]
[8 -4 -2 0 1 -7 1 2]
[-9 -4 -13 -6 -6]
[-7 5 2 4 11 -4 10]
[0 2 7 0 4 1 3 -6]
[-1 1 2 -1 -5 -10 4 -2]
[-39 -85 -93 -8]
[9 7 -6 -10 2 -4 -8]
[3 1 3 -4 9 -1 2 -2]
[0 -1 1 -3 1 -3 1 0 -2 3 1]
[0 4 2 1 4 -1 -5 0 2]
[10 9 -20 -2 4]
[-4 7 -4 1 -5 2 1 -2]
[-1 -6 1 -2 1 -2 3 0 2]
[-1 -2 3 -4 2 -3 -4 0 2]
[-1 3 1 -3 -4 -4 -4 -5 -2]
[4 -3 -5 -3 2 -2 1 0 -2 -1]
[703 89 953]
[-22 3 7 -40 11]
[492 -405 -294]
[22084 4031]
[-7298 27075]
[3 0 6 -7 1 7 -5]
[0 1 1 0 -1 -1 -2 0 4 -2 0]
[11 0 -5 8 2 5 -2 3]
[-31 -9 39 -26 -13]
[2 1 3 -2 -1 -1 3 -3 1 0 4]
[-16108 -24989]
[-240 336 -203]
[15464 10663]
[-66 -60 256]
[3 7 -1 5 0 4 -2 0]
[-4 2 1 1 3 -2 0 0 1 1 -1]
[-47 -7 -27 -5 -27]
[12 9 40 -22 -10]
[607 18 229]
[0 -2 -1 -1 3 -5 -1 1 0 -2 1]
[-2 4 -3 0 -1 -10 -1 -2]
[45 -4 -20 -57 -11]
[-546 -195 105]
[-5 15 11 -6 -4 -3]
[-10 11 3 59]
[8 14 -10 -7 15 -7]
[-9318 -42399]
[-14 30 18 -47 2]
[1337 -37304]
[7 6 8 -3 0 -1 -15]
[-2291 -5103]
[9527 -27547]
[-4140 -21962]
[2 -2 1 6 3 10 -8 -3]
[3 -34 -39 -19 1]
[-21 5 -41 -5 -5]
[16 -23 25 -31]
[13 27 -21 22 -10]
[-42 -37 -965]
[-7 -5 -27 2 -17 1]
[-4 4 4 -3 -4 0 1 1 0 0]
[-35 -32 15 -1 11]
[15 9 1 -13 31]
[1 1 -2 2 0 -2 4 1 1 1 0]
[26380 -68]
[1 3 -1 2 -3 2 -1 3 -5]
[35 13 7 50 -9]
[-5 3 -6 1 2 -3 2 0]
[21 20 -25 -29 -12]
[-6 2 -7 6 -12]
[0 -3 0 -6 -7 1 -6 1]
[3 -16 1 -7 22 -3]
[-2 0 1 -3 3 -1 -1 5 1 0 -2]
[2 -1 -6 -2 5 0 1 7]
[-27 -13 -4 1 -23]
[-17825 -13663]
[0 -1 -5 1 7 5 -1 2]
[58 -56 123 95]
[66 105 112 -58]
[-162 -695 377]
[118 -34 -9 -58]
[-123 -25 -109 -105]
[1 -3 -2 -3 1 1 -2 1 4 1 2]
[-55 -57 81 86]
[144 366 286]
[17 -13 -19 -2 10 1]
[-9 6 6 12 6 7 2]
[20 -31 7 -41 15]
[-21 -23 -13 -16 -9]
[-4 -3 3 -6 5 -7 -7]
[-7810 12777]
[-4 1 0 0 -2 -1 -4 -4 3 1]
[2 1 2 0 -2 -4 -1 3 1 0]
[1 -1 3 4 4 -4 -1 2]
[-1 0 -2 1 2 1 -1 2 -4 0 1]
[-26843 39898]
[-2 -1 1 0 3 2 1 1 -2]
[9 -3 -4 0 19 -4]
[1 -1 0 2 1 -1 2 3 0 -3 -2]
[0 2 -2 1 -2 -5 -3 4 -6]
[-13 9 -9 15 -7 18]
[0 -2 -5 3 9 -6 -8]
[17 -9 36 45 -6]
[19 6 2 -8 1 3]
[12887 16197]
[-921 346 -382]
[-7438 -17123]
[5 11 -12 5 1 -6 -2]
[-153 -223 -164]
[-12 2 6 -12 -30 -13]
[0 0 3 -3 1 3 3 -1 0 1 -2]
[-3 3 2 -4 -3 -3 1 2 3 0]
[3 -2 -2 -3 0 2 -1 -3 0 -3 0]
[17 6 18 -6 -10 -15]
[0 -2 -2 -9 -7 5 4 -6]
[-142 39 76 34]
[1 4 3 4 -2 4 -9]
[-44 56 25 6]
[1 0 1 -6 4 6 10]
[0 -2 -6 -2 4 -1 -6 0 -3]
[275 -433 -51]
[406 561 -118]
[-3 -1 0 2 2 11 5 -1]
[-6 -4 -3 -3 11 1 -1 1]
[16398 -22826]
[-6 1 5 2 -1 -2 -1]
[-1 0 1 1 1 0 3 -2 2 1]
[-1 3 3 0 2 0 1 -2 1 3 -1]
[134 -78 60 56]
[-3 -7 0 4 4 -4 8 1]
[3 0 -5 2 1 0 1 -5]
[-1 -1 0 -1 2 -1 -2 0 2 -3 1]
[-89 118 -38 87]
[3 -6 6 -9 -4 -5 7]
[1 0 0 1 3 -3 0 -3 -1 -1 2]
[4 -1 0 -3 0 -1 -1 6 -3 0]
[228 -107 229]
[6 -2 -2 -5 -9 -4 6]
[-2 9 -5 -4 1 0 -9]
[-17 9 -7 7 -4 14]
[4 7 -1 4 3 3 -2 2 3]
[-2 41 -2 21 39]
[1 2 -2 -3 3 7 -2 5]
[0 0 2 2 -2 -3 1 3 -1 -1 2]
[2 -1 2 -1 0 0 -3 0 4 1 2]
[0 -1 -3 0 1 -4 -2 -1 2 -2 1]
[-1 -3 -3 1 0 -2 -2 -4 1 0 -1]
[8 -5 -18 40 18]
[-3 0 4 1 0 0 -3 1 2 0]
[-48 -2 -10 -34 13]
[-14 -19 12 -8 -13 -17]
[-45 8 -20 45]
[0 7 4 1 3 1 -1 -2]
[-7 10 1 3 3 4 -7]
[17 8 4 -8 11 -8]
[-528 -82 -387]
[6 -15 9 31 40]
[34109 -4959]
[-3 9 8 4 4 1 -12]
[-1 2 4 -1 0 3 -1 0 -3 3]
[-18 5 -4 -2 -3 -8 -5]
[-140 34 188 -54]
[21 -25 -57 106]
[1 0 -3 2 -1 0 0 0 -2 -4 -4]
[-3931 -23026]
[-1 1 0 -2 -2 -2 0 -1 6 0]
[-3 -4 6 -2 4 -2 -11 3]
[1 0 7 2 -4 -3 -1 -1 0]
[165 -764 -275]
[-3 3 43 8 2]
[-34247 -25859]
[1 9 11 12 7 20]
[-1 -2 3 -1 1 -1 3 1 0 -2 3]
[-5 3 -7 1 6 -1 2 -1]
[194 -81 17]
[-148 711 59]
[-2 5 -2 1 5 1 0 -4 0 2]
[14263 -4040]
[-5 2 5 2 -3 1 3 -3 -3]
[-1 4 -1 3 0 -2 -2 -3 0 -2]
[1 0 3 0 -1 5 -2 1 1 0]
[19937 -9676]
[-44 15 24 -11 -14]
[8104 -13205]
[-1 -38 -31 -4 18]
[-3 -3 -4 -2 -4 -2 1 -3 -4]
[-22 -11 -7 -3 -4 -14]
[0 2 0 -2 1 2 -2 3 1 0 0]
[-3 15 5 9 -16 -18]
[5 30 5 8 17]
[0 -22 1 22 -3]
[6 -2 6 -9 -4 -1 7 -3]
[88 15 -35 -158]
[505 -575 3]
[27 -73 -186 22]
[-130 27 220]
[-12814 469]
[-2 -1 4 4 2 -4 4 -4]
[2 1 -1 -3 3 0 3 2 0 0 1]
[-1 14 -22 4 -15 11]
[2 7 1 1 -1 1 -1 5 2]
[-29 -3 23 -27 5]
[1 1 -5 1 -5 -18]
[-4 -5 -1 8 9 6 4]
[7 -4 1 4 0 -2 -2 3 -5]
[-8 15 -1 12 -17]
[794 -36998]
[-1 -1 0 1 -1 3 0 -1 0 -2 0]
[-10 -1 5 7 -5 12 0]
[1 -2 2 -2 -2 -2 -1 -4 2 -2 2]
[-1 0 2 -2 -3 5 -1 -1 0 -3]
[4439 -3636]
[-4223 -41549]
[8 8 -5 5 1]
[2 5 1 -2 2 -4 1 0 2]
[-1 3 0 -8 3 -3 0 -10]
[9 1 -1 8 1 -1 -3 -4]
[-9 6 -7 -2 3 -6]
[3 4 -1 -1 5 -5 3 2 -2]
[-4 1 2 -3 3 6 -5 -3]
[-210 67 -69]
[-3 5 -1 -6 -6 4 -10]
[3 -3 2 1 -10 0 3]
[-18 -37 885]
[-21619 -4849]
[-129 314 130]
[-39461 -19548]
[-5699 -20217]
[1 3 -1 2 0 -2 0 0 1 0 -4]
[-98 101 116 17]
[-5 1 2 -13 -2 -8 -1]
[2 1 4 -2 2 0 -1 3 -3 4]
[11 38 14 28]
[-3 -2 1 1 -2 0 -1 1 -3 -1 0]
[-3 0 3 2 2 1 -2 2 0 0 2]
[1 -4 0 1 2 0 2 -1 -2 1]
[-1 2 -2 3 2 2 4 1 -2 4]
[-1 1 1 -1 4 4 -3 -3 0 3]
[-39 -23 42 -2 -32]
[5 3 2 -2 1 1 4 -1 -6]
[4 2 3 1 0 -2 -3 -1 -1]
[-2 1 0 1 0 -1 2 3 0 0 -1]
[11 3 -4 1 6 4 -14]
[20756 13231]
[-1 2 -8 -6 -8 -4 -2 3]
[-2 2 2 -2 0 -2 1 2 -2 1 0]
[40 -2 -40 -101]
[-12 -1 -2 4 -2 2 -9]
[-2 -1 2 4 0 1 4 -1 1]
[39 -41 4 6]
[2 -4 -2 4 1 -3 1 0 -2 1 0]
[-2 -9 -6 7 -1 5 -8]
[-10 21 111 111]
[2 5 5 14 -3 -12]
[8 -3 -7 8 5 13]
[0 -1 4 -3 2 0 -2 -1 -5]
[-4 1 -2 0 -3 0 1 2 -1]
[-10 -2 1 7 -3 -10 0]
[-6 -1 -5 12 10 7 -7]
[0 -1 9 2 2 4 -1 -1 -3]
[-17 -160 37 117]
[-14 -11 29 -22 8]
[21 -18 55 -20 -2]
[0 -1 0 3 -1 3 -4 1 3 0 1]
[6 -8 2 1 -3 1 -2 -2]
[28 -128 141 -52]
[-3 -3 -6 -6 56]
[-26 -4 -7 30 25]
[-4 0 -5 -5 12 -2 -11]
[-18 20 -23 15 -6]
[-5 -3 -13 -15 -4 17]
[3 2 1 1 -1 3 0 1 -1 -3 -2]
[-2 5 1 -5 3 -3 1 5 0]
[295 631 464]
[0 4 4 -1 -2 -5 -1 1 2]
[2 -5 1 -1 0 1 -1 -1 -2 0 -2]
[-21 9 14 -21 25]
[-98 -65 -80 -111]
[-1162 339 -365]
[-1 1 -5 -8 -8 9]
[-39172 7971]
[-1 -6 -3 -1 1 3 -4 -2 4]
[-8 -4 3 4 -3 1 1 -5]
[-5 -2 6 0 -2 1 0 5]
[20 10 -10 -2 -15 -13]
[0 -6 -2 -8 2 -4 0 -3]
[4 1 1 -5 2 -1 1 4 1 1]
[1 0 1 -2 -2 -1 -2 2 2 1 3]
[3 -5 -1 -3 1 -1 0]
[3 6 -5 -5 0 -1 -1 10]
[2 -5 -4 -2 4 -2 -3 4 0]
[4 -5 -1 -6 3 -2 -4 3]
[19 25 -14 36 8]
[9 -18 -3 -36 4]
[198 -434 299]
[-949 16 595]
[7 -11 -3 2 -4 0 2]
[9743 -13013]
[87 -13 210]
[-5 11 2 10 -9 2 -4]
[4 -2 3 3 6 1 4 3]
[78 53 -65 127]
[3 3 0 7 0 6 -2]
[9 2 5 -4 -11 -4 0]
[-2 -1 -1 -5 5 6 -2 5]
[11272 -3084]
[-11 7 9 -1 4 10 -6]
[7 -19 25 3 -10]
[-20 19 9 2 9 11]
[6 220 5 62]
[0 151 -89 3]
[-12 64 16 107]
[5 0 -5 5 -3 0 -8 -1]
[-3 1 4 3 0 1 7 -3]
[-13 -4 3 4 -2 4]
[-2 -4 2 -3 2 -4 -2 0 4 0]
[37401 21491]
[3 3 -5 -1 0 2 -1 3 -5 2]
[1 -9 6 3 7 -3 2]
[34796 -23813]
[41 -45 -760]
[27131 20461]
[-13 -14 -18 -10 14 -11]
[27 -8 3 -2 1 4]
[-2 3 9 4 5 -2 0 -5]
[1 1 2 -1 2 -1 1 5 2 0 -2]
[-9 -8 -5 -6 -6 -4 -3]
[4 -2 -7 -1 -5 2 -6]
[2 -9 20 -4 10 10]
[0 1 -10 -2 1 3 1 4]
[3 -2 1 1 -3 1 2 0 2 -1 4]
[-93 339 66]
[-4 -3 5 3 4 -1 6 2]
[2 0 -2 1 -4 -1 0 -2 2 -4]
[2 1 2 1 2 -4 -1 0 3 2 -2]
[-6 7 -4 8 7 -7 -6]
[10 6 -8 0 4 3 -3]
[-16 -25 -56 -80]
[0 8 -1 -6 2 -4 -5 5]
[9 7 -4 1 -12 5 5]
[2 -1 -2 4 0 -1 0 0 3 -4 0]
[334 362 211]
[-1087 488 -466]
[-6 46 7 0 -9]
[-1 -1 0 -2 -6 -3 1 -7]
[-2 -3 2 0 1 1 -1 -2 8]
[14 2 6 112]
[43 84 37 -49]
[-3 -9 0 4 4 -5 -2 6]
[-145 11 91 32]
[2 13 1 13 13]
[4 0 -4 0 4 -2 4 -3 1]
[34079 11939]
[2 1 1 -4 -1 4 -3 2 -2 1]
[9 -22 5 -1]
[11 -7 8 20 6]
[0 -3 0 2 4 6 4 5]
[-5 0 7 -6 5 8 6]
[1 1 0 -5 -2 1 0 1 0 1 2]
[-55 -740 -967]
[-2 0 -1 1 0 -1 -1 0 0 0 0]
[4 2 4 -1 4 -4 -3 2 -3]
[0 4 1 1 -1 2 -1 1 1 3 1]
[-6 12 10 -1 6 -1]
[-566 -510 -683]
[-63 -10 72 -85]
[-4618 10860]
[0 -2 -4 2 1 4 -4 -2 -1 -3]
[0 3 -13 -5 0 -3 11]
[-2 -7 4 7 31 6]
[-7 -4 -6 -3 1 -2 8]
[5 12 19 -11 -2 -17]
[553 -132 -7]
[1 6 -1 1 1 -1 2]
[-1 0 0 -2 2 -2 -2 1 -2 -2]
[3 3 11 -6 5 10 3]
[-3 0 2 4 2 1 1 0 -4]
[-38 -3 4 23 21]
[2 -3 1 2 3 -1 -1 -3 0 -1]
[-2 2 3 8 4 -4 2]
[264 -477 -156]
[0 1 -2 2 -1 5 -2 -4 1]
[-1 2 1 2 -5 0 -2 0 -3]
[2 2 1 0 0 0 2 -1 -3 -1 4]
[-3136 -22083]
[3 1 2 -2 1 1 1 2 0 2 -1]
[6 -1 -3 0 -1 -3 7 -7]
[-5 4 -10 -8 4 11]
[2 3 2 3 1 1 2 -1 2 1]
[1 -1 0 2 4 4 7]
[0 -4 -1 0 6 -1 -1 -5 -5]
[8 -3 23 8 -7 -9]
[33 -16 -125 2]
[6 -4 12 4 -11 3 -4]
[-11 -33 11 -11 -5]
[-1 0 2 5 4 -4 -4 -6 -4]
[-3 -5 -14 -9 -3 -2 6]
[-11 -6 -7 9 0 0 -5]
[-2 -14 -5 3 -1 7 -9]
[-13 -11 13 -3 8 -5]
[28014 -42603]
[37 22 -28 -47]
[-3 -4 -1 0 -3 -4 2 2 -1 -4]
[-28276 24509]
[16 -2 -12 35 -46]
[0 3 -2 2 4 2 0 -1 1 -3 -2]
[11 -26 16 -4 -1]
[4 -1 4 -1 0 1 -1 -2 3]
[6 -34 -1 -3 3 -1]
[-3 1 -12 4 8 7 -1]
[-2 3 -10 -3 0 8 -9]
[-138 478 676]
[0 -1 3 -2 1 2 0 3 1 -2]
[-342 545 -214]
[3 1 4 1 4 -4 1 2]
[-7 67 14 -5]
[2 -4 -1 2 -1 -1 1 -1 0 3]
[12407 -2821]
[2 3 -3 -2 -3 -3 -1 -2 2]
[7 -29 -30 -17 -1]
[1 -1 2 4 -1 1 1 2 2 0]
[26 -19 -25 1 -51]
[1 1 0 -10 -2 -3 -1 -2 -1]
[-13 -5 -1 9 -9 11]
[2 -1 2 -1 3 -4 1 4 -2 1]
[8289 -776]
[-3 4 2 0 2 -1 -3 -2 -1]
[-7 74 -151 32]
[17523 4594]
[-43 2 -9 18 15]
[-2 0 1 5 6 -2 -2 -1 1]
[-494 686 259]
[-2 -2 -2 -3 -1 4 4 -5]
[-8 1 12 -32 -13]
[-645 -534 92]
[2 -2 2 -2 0 -5 2 0 0 1 1]
[-2358 8802]
[9 2 -10 -2 0 -5 5]
[4 -2 2 -8 -5 -3 -5 2]
[11 -4 -12 -6 0 -7 4]
[-1 -2 2 -1 -2 0 -4 -1 -3 2 3]
[-2 -2 -5 1 0 2 -2 0 -5 0]
[10 13 -31 2 0 -2]
[-3 1 15 -7 -6 -4 3]
[25365 -12171]
[-4 -1 -2 1 -2 -1 -2 1 4]
[2 8 -4 0 -7 7 0 2]
[17 1 41 40]
[-6 23 -42 7 33]
[-2 -13 -7 -12 5 3 -2]
[2 2 3 1 -4 -2 -3 1 1 -2]
[-2177 -27905]
[-16 49 7 14]
[-3 13 -17 -16 3 -6]
[-18 81 20 -47]
[-567 352 499]
[-2 2 7 -8 0 4 4]
[14 16 -8 6 9 -9]
[-1 -3 -2 0 1 0 0 3 -4 0 0]
[0 3 2 2 -3 -1 -1 -1 0 -2 -1]
[18 28 30 -48]
[11 2 4 -3 5 -6 -7]
[67 101 -39 -78]
[-2 2 1 2 -2 -1 1 -2 5 -1]
[-2 4 2 -6 4 1 0 0]
[7 9 4 2 -4 -3 11]
[0 -1 1 1 -3 4 -1 -2 -1 2]
[-31 22 -44 9 27]
[2 5 1 -4 -2 1 -5]
[122 351 186]
[0 1 -5 -3 2 0 4 6 -3]
[-3 0 5 -2 -2 -3 4 -2 5]
[8 18 -23 4 -6 -2]
[-8 -10 -10 -32 58]
[0 1 0 -2 0 4 3 -3 -1 -1 2]
[-3169 34375]
[-3 -1 4 -3 0 0 5 0 -1 3]
[2 2 3 0 1 0 -4 7]
[-10 -9 28 -8 4 14]
[3 2 -4 -3 0 -4 3 5 -2]
[-16 -4 -11 -25 -32]
[-14425 33296]
[1 3 -1 1 1 -5 1 -2 -1 -3]
[-1 4 1 1 1 -3 0 -2 3 1 0]
[-3 2 -5 2 -5 2 3 3 4]
[-11 3 -2 4 -8 2 3]
[-1 -2 1 -3 -2 -2 -3 0 -2 1 3]
[-4 0 -1 -5 -1 0 -3 -2 -2 -1]
[5 -13 2 0 -7 -6 -1]
[7 0 1 -3 2 4 -6 2 -1]
[-202 -307 -518]
[16 -16 9 -19 -14]
[1 2 -1 -1 0 5 -1 1 1 1]
[-60 -44 69 -165]
[-3 0 0 3 2 0 1 -2 -1 1 -3]
[-185 618 69]
[-7 -5 -3 1 2 -1 -1 1 -3]
[0 -5 0 1 -1 -2 -5 3 1]
[-30 -3 -14 13 13]
[-5 9 -9 -3 4 -8 -3]
[3 1 -3 0 1 0 -2 -1 1 -4 2]
[2 -1 -4 2 -2 -3 3 -1 1 2]
[4846 16513]
[-7 4 -1 -6 6 12 -4]
[-7 -2 8 -4 -2 6 -3 4]
[3 7 2 -4 2 -3 1 4]
[3 3 -7 -4 4 -3 -5 5]
[10902 -529]
[4 4 4 2 0 8 -2 5]
[0 1 0 2 0 -2 0 -1 -2 2 1]
[15083 -3408]
[0 3 1 -1 -2 0 2 1 -2 0]
[-3 2 -3 -3 -2 0 4 -5 -3]
[-1 -3 2 1 1 0 2 -3 1 3 3]
[-5 -2 0 0 -2 -1 -2 3 4 4]
[-52 44 93 -60]
[-1 -4 2 0 -7 4 -1 7]
[-931 565 367]
[-11323 843]
[33 -20 -2 -42 2]
[-93 -32 16 -18]
[326 -1013 594]
[57 -58 -75 -15]
[-34106 10571]
[10 -50 35 19 20]
[12565 4199]
[8479 5372]
[0 -14 -8 -13 -6 2]
[-5 -4 -6 5 -1 -2]
[2 8 0 0 -2 0 -1 3]
[5 -4 0 1 -6 1 -3 7]
[1 0 -1 1 2 2 -1 -4 -5 1 1]
[-111 -731 117]
[-28884 -37823]
[-9 -13 -20 -18 -34]
[40 -20 19 -21 -2]
[26633 14733]
[2 -1 4 1 7 2 3 1]
[2 4 -1 2 2 8 -3 6]
[-13095 -27116]
[50074 3470]
[33 18 -36 -4 28]
[5 7 4 4 -7 -6 1]
[45 43 68 48]
[-1 -4 3 5 5 -5 -2 1]
[1199 317]
[-3893 -18665]
[3 -2 -6 3 4 7 -5 -5]
[-2 -5 -2 -8 -8 -3 3 3]
[-527 -497 -495]
[1 -2 2 -3 -2 1 8 -4]
[3820 15838]
[-1 -3 1 2 -3 -1 -4 2 1 -2]
[51 -15 -1 2 15]
[-3 2 2 3 -2 1 -2 3 -2 2 -2]
[-5 -11 -58 11 6]
[-22 -26 13 11 -14]
[83 81 70 -155]
[11 -8 -2 9 12 -14]
[15 17 11 11 5 14]
[0 0 -4 4 1 -5 -1 2]
[12 -7 -4 1 -8 -8 4]
[8 -5 5 -6 5 0 -4 -5]
[7 -1 0 0 5 4 1 -1 3]
[-2 -3 -6 1 -3 -3 -5 -2 1]
[-8 29 8 4 4]
[-77 -47 -17 109]
[1 -2 0 0 -1 0 1 -3 -2 -1 4]
[1 2 -2 4 -1 0 0 -2 2 1 -2]
[-166 -17 9 -42]
[3 -2 0 3 -2 0 0 3 3]
[3 3 5 -2 2 -1 2 5 -2]
[5 2 -11 2 2 0 0 3]
[-41 145 46 -19]
[-50 63 16 -46]
[-1 -5 -2 -3 1 1 -3 3 -2 1]
[-3 0 -7 0 -3 -1 -6 2]
[-1 0 -4 -1 3 -2 0 -5 0 1]
[-307 -645 570]
[-1 1 2 -1 -3 3 -1 0 -1 -1]
[-1 -6 9 -3 -9 -1]
[28 39 52 43]
[22 -1 18 -9 12 17]
[2 1 2 2 0 -1 -1 3 2 -2 3]
[3 1 2 2 -2 -1 -2 -2 2 1]
[31 147 -279]
[24 0 -11 0 -10 14]
[-17714 -649]
[19 9 -415]
[-1 -2 -2 -1 0 2 2 4 2 2 -2]
[3 0 -16 7 -6 5]
[23 -8 12 -19 -1]
[-3 1 -1 -2 3 3 5 -5 2]
[-2 -5 7 -2 6 -5 6]
[3 4 -5 3 -5 3 7 5]
[17002 -15353]
[-28 -2 10 8 -2 -5]
[1 -2 2 4 2 3 -1 -5 5]
[2 -2 0 5 0 0 2 -2 0 -3 -2]
[-7 -33 12 0 -7 -6]
[-7 1 -1 -5 1 -2 6 1]
[-14 -15 -11 30 36]
[-20111 -26723]
[-7 -2 3 3 0 4 -6 6]
[-4 1 -2 -1 0 -2 2 -3 -1 -1 -1]
[-18 -11 14 27 44]
[10 4 1 5 7 4 1]
[123 49 -89 0]
[1 -2 1 5 5 2 -4 -6]
[16 0 1 -6 -10 -1]
[-43 533 1199]
[-1 -1 -5 6 1 -3 3 1]
[5 -3 2 5 1 -2 2 -1]
[511 -761 -851]
[-7 7 54 -84]
[1 -1 -1 -2 -8 -2 -6 -1]
[10 -42 413]
[519 -668 229]
[-1 -2 2 1 -3 1 -1 3 -4 -2 -2]
[14 -7 8 -4 -1 9]
[26792 11604]
[1 3 0 1 -2 3 5 6 -4]
[-21 2 4 -9 -6 -13]
[9 10 6 -9 -24 -3]
[-2 -2 -1 0 1 7 -2 2 1 -3]
[207 361 -9]
[4 -10 14 -8 11 20]
[13 4 -24 -1 16]
[7 2 6 1 -4 7 -3]
[-2 -2 4 1 3 7 -1 0 1]
[-36502 -4672]
[14 -3 -3 -1 -3 2 5]
[-13925 13609]
[-21 -7 21 -8 27]
[-2 7 -9 2 -3 4 6 1]
[8 4 4 1 3 -5 0 1]
[25 -53 31 -8 8]
[-6 1 -3 0 -1 2 -8 2 0]
[3 2 0 -5 -7 3 -7]
[-8 1 -2 -7 1 -7 -2 0]
[5 -5 5 -2 -1 1 -4]
[-5 -2 7 0 -2 -4 -4 3]
[-6 19 0 -4 4 -3]
[6 4 3 17 2 6 -4]
[0 28 -31 -54 16]
[22 -103 -105 -58]
[7 8 -10 -19 3 -21]
[35580 -17126]
[-3 0 3 1 4 4 4 -1 -1]
[5 -5 5 1 4 -2 0]
[8 -14 75 -126]
[0 6 3 2 8 -5 -2]
[46 7 1 43 -14]
[27 12 1 -6 9 -25]
[-59 -857 -395]
[-9 -1 -15 -1 -17 -19]
[-309 -245 -140]
[0 -1 -4 -4 7 7 5 2]
[2260 -19407]
[829 15562]
[-22 -12 -24 12 19]
[-19 -17 -26 -27 -24]
[18 -58 130 7]
[-1 -1 7 5 3 -4 9 -3]
[-7 2 -26 -6 -13]
[-1 -3 0 2 3 0 -1 3 -2 0 -1]
[2925 1442]
[2 0 -5 1 3 -1 0 4 0 -3]
[31 63 0 99]
[-198 755 -798]
[-2824 -2196]
[2 -1 -2 1 -2 0 -3 -1 0 0]
[-1 -5 0 0 -3 0 1 -2 -5 2]
[-6 -14 6 11 8]
[148 -37 44]
[1 5 -1 5 -8 -1 -5 -3]
[2 -14 -1 2 3 8 3]
[11 0 0 7 -11 9]
[600 312 417]
[-11 10 12 0 -1 -2]
[-4 0 -10 10 4 -10 3]
[1 0 -6 -1 -5 5 -13]
[30 0 -32 -21 -2]
[16 12 -55 -18 -6]
[0 -1 0 2 1 -1 1 0 -1 -5 1]
[-57 -13 -113 -48]
[4 37 112 -151]
[-9 -10 0 1 6 -6 11]
[13823 27919]
[3 1 5 0 -3 1 -1 -1 0 0]
[13 5 1 12 46]
[0 -7 -5 2 7 -6 -1 -1]
[3 4 -8 1 3 1 1 1]
[5 -85 -1 0]
[1 8 -3 -2 2 -8 6]
[4 -7 2 3 0 -6 5]
[-4 -4 12 1 17 -12]
[90 73 -4 -113]
[-57 -19 42 34]
[-2 -5 -5 4 -8 7 0 -2]
[-45 -34 -45 -125]
[-3 -2 -1 -2 1 2 -1 1 1 -1 -2]
[7 -4 6 9 -44]
[-3 0 1 2 0 4 1 2 -2 0 -2]
[1 -3 1 -1 -2 1 1 1 -2 -1 0]
[-5 1 -11 -3 -4 -2 2]
[0 -1 -1 -4 2 -2 3 -2 0 1 0]
[-3 -33 18 -5 -31]
[14 -47 40 72]
[11 -21 -10 -9 10]
[6 -1 -4 5 2 11 -9]
[3 2 1 3 1 0 -1 0 -4 3 -2]
[-1 7 0 2 0 -1 3 2 2]
[-1 0 -1 -3 2 -3 2 5 2 2]
[-62 -29 13 161]
[9 -3 3 -4 3 -9]
[-2 7 4 7 -3 -1 0 2]
[-80 -121 42 42]
[2 2 -4 4 2 -6 -2 5]
[-2 -1 5 6 0 0 1 0 3]
[-2 -1 -3 0 1 1 2 0 2 3]
[0 3 2 1 4 3 -2 -2 -2 -4]
[11 3 2 -8 -4 5 10]
[-284 -170 243]
[-2 -11 -5 21 18 1]
[-1 -3 -6 -5 -2 -1 1 0 -1]
[-13 -7 -10 -17 -31]
[-10794 -59]
[-2528 37819]
[-42711 -6131]
[3 3 -27 -33 -8]
[-2 -1 1 2 0 4 -1 2 0 1 0]
[4 -48 14 -95]
[0 -6 9 13 4 -16]
[-1 1 8 32 4 1]
[2 1 1 1 0 -2 4 -2 2 0 -3]
[-16 -12 15 -16 -2 0]
[1 2 2 0 -2 2 -1 2 0 -3 2]
[-1 -4 -2 0 -1 1 4 -1 -2 1 2]
[-48 -13 72 -61]
[-10 -10 1 0 4 -4 -3]
[-83 3 37 -70]
[-3 -1 -3 0 2 -1 1 0 1 2 -1]
[5 -3 1 -3 -3 0 3 0 3]
[-4 5 -11 35]
[469 19 283]
[-1 4 -3 -5 -5 -5 1 -1 -2]
[-3 4 3 -4 -4 2 -4 -5 3]
[8 -4 -9 18 -7 -10]
[30 -16 -18 -45 -2]
[0 -2 -3 0 -1 3 2 -2 2 -3 -3]
[1 5 -1 1 2 3 1 0 -1 0]
[266 -732 57]
[-14 1 -3 4 3 3 -10]
[-16521 12451]
[8 20 11 80]
[-3032 14761]
[16011 11565]
[-72 -299 -91]
[5 -7 -4 3 -4 -6 6]
[4000 2956]
[-8832 19684]
[253 464 -199]
[7 1 2 -6 -3 -8 -7 8]
[-13896 -4145]
[1 3 2 1 2 1 -1 -1 1 -1 -1]
[14 -11 -1 -33 6]
[-4835 1709]
[12405 19138]
[-70 -56 342]
[4 -5 -2 5 2 -1 -4 -5 -4]
[-1 -2 1 -3 1 -5 0 0 0 0 3]
[0 -1 0 -5 1 1 2 1 2 -1 1]
[0 2 -3 2 2 1 1 1 -1 1]
[269 161 -684]
[1 -1 1 -1 3 -2 0 0 0 -1 3]
[3 6 -9 -1 10 -5 -1]
[-2 -3 2 3 2 7 -5 -1 -2]
[-10573 -10349]
[-2 1 -2 -4 -2 -2 0 -1 -1]
[-20400 27892]
[-1047 6211]
[117 48 -155 77]
[1 -5 2 -1 1 -3 6 1 -2]
[1 0 1 -2 3 -1 0 2 0 6 1]
[5 -3 4 -1 -5 3 -1 1 0]
[3 -3 5 0 4 -3 -1 -3 -1]
[2 -4 7 1 -4 -6]
[3 -1 -1 2 5 -1 4 5 0]
[1325 -5306]
[-556 665 77]
[22 6 1 -30 40]
[34 -57 3 17]
[65 -50 32 -39]
[-11396 -1181]
[-129 -11 212]
[-2642 13423]
[-4 0 7 3 -5 -4 -2 -3]
[2 -1 -1 -3 2 1 0 -1 -3 -2 -1]
[3 -3 2 -1 -5 2 1 2 2 -1]
[3 1 -2 -1 -2 -2 -1 7 0]
[4 -15 -31 -5 -34]
[3 1 -2 0 2 4 -1 3 0 2]
[1 0 -1 -5 -2 -1 1 -2 -1 -4 -2]
[1 3 -2 0 -2 0 0 0 -4 0 1]
[1 1 2 4 0 -1 1 0 -1 3]
[11572 8793]
[43935 -10840]
[-24500 10051]
[-264 449 -460]
[-2 -2 1 0 0 -2 0 -1 2 3 1]
[-5 2 4 1 -2 -1 1 -7]
[0 0 1 2 1 2 1 1 3 -3 -3]
[12152 14881]
[8471 -11942]
[4 -1 -1 -3 5 -7 2]
[-6 130 -59 25]
[40 -13 30 7 37]
[-4 -40 25 -154]
[-171 -1343 -114]
[-13 467 -38]
[-2 2 -1 0 -1 0 2 5 0 -2 2]
[2 3 6 2 11 -3]
[14 -30 3 -55 10]
[117 -20 39 -35]
[2 5 1 -2 -3 4 -1 -1]
[-3 0 7 -2 -1 2 -6 2 1]
[-4 78 1 -26]
[1 2 7 -7 11 -3 9]
[2 -1 -1 0 -1 1 2 -2 -5 -3 -1]
[3 -3 -7 0 4 0 1 5]
[-8 -7 -18 -9 -4 1]
[-41 51 -59 -91]
[1 1 0 3 2 0 -4 -1 5 -2]
[69 -40 -85 59]
[20 -40 28 17 -12]
[-6 -7 -4 10 -7 -6]
