
1.000000 
1.000000 
1.000000 
1.000000 
3462528728.000000 
479632.000000 
760972.000000 
733839.000000 
56030.000000 
22368.000000 
648363.000000 
869139.000000 
1017215.000000 
10724.000000 
925169.000000 
706975.000000 
1022823.000000 
467664.000000 
842407.000000 
33917.000000 
498134.000000 
258070.000000 
477303.000000 
8913.000000 
163649.000000 
637690.000000 
867579.000000 
258244.000000 
623390.000000 
756273.000000 
87461.000000 
539682.000000 
363427.000000 
471365.000000 
473019.000000 
691581.000000 
806006.000000 
389536.000000 
229524.000000 
191648.000000 
541153.000000 
448192.000000 
948674.000000 
422660.000000 
636207.000000 
508040.000000 
823388.000000 
509778.000000 
43965.000000 
530715.000000 
155428.000000 
89791.000000 
456819.000000 
235130.000000 
496319.000000 
100564.000000 
25058.000000 
317519.000000 
1026732.000000 
32116.000000 
98731.000000 
412451.000000 
559243.000000 
734599.000000 
368679.000000 
556089.000000 
485915.000000 
131097.000000 
533294.000000 
304026.000000 
360208.000000 
838457.000000 
993343.000000 
50440.000000 
880245.000000 
836334.000000 
300002.000000 
311977.000000 
574662.000000 
660740.000000 
412515.000000 
779386.000000 
168772.000000 
433793.000000 
820972.000000 
912340.000000 
669331.000000 
859081.000000 
199947.000000 
113017.000000 
398940.000000 
489947.000000 
158326.000000 
556378.000000 
435926.000000 
388155.000000 
410186.000000 
77139.000000 
747430.000000 
327047.000000 
951173.000000 
527244.000000 
816893.000000 
239962.000000 
623207.000000 
572834.000000 
785728.000000 
564995.000000 
39476.000000 
411220.000000 
1038127.000000 
969406.000000 
695647.000000 
861589.000000 
757994.000000 
135351.000000 
463163.000000 
897724.000000 
574676.000000 
70014.000000 
38564.000000 
8843.000000 
707437.000000 
347555.000000 
76618.000000 
499711.000000 
255816.000000 
239962.000000 
729708.000000 
392193.000000 
528565.000000 
388407.000000 
630931.000000 
251414.000000 
871839.000000 
668095.000000 
402932.000000 
438805.000000 
156125.000000 
2508.000000 
382386.000000 
501438.000000 
487426.000000 
350127.000000 
5476.000000 
630961.000000 
433244.000000 
445742.000000 
908717.000000 
974334.000000 
470494.000000 
624495.000000 
440201.000000 
406995.000000 
984462.000000 
587564.000000 
492258.000000 
352017.000000 
940196.000000 
42609.000000 
726596.000000 
759935.000000 
859194.000000 
449588.000000 
8961.000000 
390861.000000 
971050.000000 
985149.000000 
779386.000000 
543812.000000 
381451.000000 
697528.000000 
235447.000000 
620838.000000 
625655.000000 
324507.000000 
515580.000000 
502459.000000 
374592.000000 
696824.000000 
29650.000000 
12322.000000 
792236.000000 
98928.000000 
19804.000000 
756715.000000 
700485.000000 
1044605.000000 
730144.000000 
146241.000000 
737400.000000 
302783.000000 
776228.000000 
211147.000000 
965267.000000 
851705.000000 
447587.000000 
721580.000000 
226418.000000 
816816.000000 
953276.000000 
22368.000000 
460077.000000 
461427.000000 
894506.000000 
578019.000000 
326633.000000 
373219.000000 
854175.000000 
19561.000000 
966348.000000 
342998.000000 
570356.000000 
729642.000000 
374888.000000 
50847.000000 
163664.000000 
412451.000000 
1004768.000000 
164223.000000 
812221.000000 
879348.000000 
2588.000000 
259275.000000 
345603.000000 
1042386.000000 
697652.000000 
285235.000000 
629995.000000 
957637.000000 
83928.000000 
883790.000000 
810380.000000 
20274.000000 
950162.000000 
962624.000000 
214062.000000 
299088.000000 
384820.000000 
424779.000000 
241041.000000 
165059.000000 
357361.000000 
800376.000000 
809453.000000 
208703.000000 
46778.000000 
450278.000000 
912214.000000 
768404.000000 
501800.000000 
705886.000000 
659093.000000 
450278.000000 
880344.000000 
124930.000000 
744387.000000 
93776.000000 
19071.000000 
960314.000000 
1047040.000000 
399371.000000 
494161.000000 
680989.000000 
935149.000000 
467720.000000 
139129.000000 
1042595.000000 
251385.000000 
438766.000000 
232945.000000 
555323.000000 
97875.000000 
275965.000000 
889490.000000 
1039139.000000 
129620.000000 
666687.000000 
278954.000000 
700570.000000 
482051.000000 
914166.000000 
952804.000000 
448538.000000 
519038.000000 
589201.000000 
869501.000000 
133308.000000 
311949.000000 
502502.000000 
595123.000000 
440201.000000 
903210.000000 
297825.000000 
871890.000000 
682970.000000 
537585.000000 
283307.000000 
757602.000000 
325070.000000 
596271.000000 
368198.000000 
168172.000000 
591418.000000 
38655.000000 
345300.000000 
138848.000000 
236230.000000 
384369.000000 
364226.000000 
627530.000000 
391096.000000 
830562.000000 
884842.000000 
1040899.000000 
992499.000000 
292597.000000 
954411.000000 
201882.000000 
770098.000000 
604667.000000 
148101.000000 
1020901.000000 
219110.000000 
399434.000000 
214429.000000 
537278.000000 
342228.000000 
782786.000000 
821.000000 
603933.000000 
991112.000000 
110700.000000 
330576.000000 
997177.000000 
130060.000000 
400482.000000 
89885.000000 
748876.000000 
404543.000000 
908747.000000 
518658.000000 
514374.000000 
535464.000000 
810365.000000 
208703.000000 
353397.000000 
196628.000000 
813835.000000 
940181.000000 
715862.000000 
535020.000000 
733289.000000 
314519.000000 
84822.000000 
501380.000000 
366561.000000 
868551.000000 
865844.000000 
493748.000000 
150022.000000 
2123.000000 
443107.000000 
61719.000000 
966348.000000 
273036.000000 
108074.000000 
706972.000000 
515536.000000 
539334.000000 
229510.000000 
543812.000000 
263931.000000 
1004438.000000 
379548.000000 
586849.000000 
41861.000000 
428661.000000 
855252.000000 
37333.000000 
59223.000000 
124854.000000 
526689.000000 
39174.000000 
947216.000000 
642627.000000 
337141.000000 
102272.000000 
83425.000000 
552208.000000 
237077.000000 
243619.000000 
502036.000000 
950528.000000 
295714.000000 
85615.000000 
140262.000000 
817089.000000 
544046.000000 
868148.000000 
876006.000000 
1017215.000000 
841752.000000 
42662.000000 
685464.000000 
536698.000000 
403956.000000 
158112.000000 
540373.000000 
14029.000000 
62906.000000 
745593.000000 
274198.000000 
992075.000000 
990187.000000 
372125.000000 
1005477.000000 
195358.000000 
909531.000000 
376874.000000 
971087.000000 
146981.000000 
734921.000000 
249745.000000 
918332.000000 
857706.000000 
697385.000000 
1019353.000000 
821383.000000 
129620.000000 
425595.000000 
686380.000000 
583478.000000 
401775.000000 
724228.000000 
623044.000000 
53766.000000 
132255.000000 
874360.000000 
983853.000000 
609103.000000 
776009.000000 
996696.000000 
200383.000000 
666692.000000 
584144.000000 
837576.000000 
1012251.000000 
752615.000000 
535464.000000 
111260.000000 
248516.000000 
185786.000000 
625221.000000 
685565.000000 
430017.000000 
334937.000000 
478903.000000 
383720.000000 
92138.000000 
82771.000000 
720649.000000 
26916.000000 
196711.000000 
969987.000000 
144894.000000 
754310.000000 
928866.000000 
111432.000000 
557634.000000 
876006.000000 
809755.000000 
515382.000000 
49232.000000 
343265.000000 
26916.000000 
291092.000000 
1022359.000000 
9430.000000 
781252.000000 
116476.000000 
43469.000000 
838739.000000 
477275.000000 
420397.000000 
988905.000000 
472884.000000 
588479.000000 
224512.000000 
251895.000000 
507837.000000 
558106.000000 
846529.000000 
254784.000000 
498080.000000 
133839.000000 
666919.000000 
697968.000000 
533962.000000 
382040.000000 
662644.000000 
353246.000000 
750798.000000 
635443.000000 
954089.000000 
940315.000000 
994993.000000 
157115.000000 
587951.000000 
275223.000000 
951614.000000 
299088.000000 
55932.000000 
389397.000000 
329995.000000 
291120.000000 
854106.000000 
469669.000000 
1020825.000000 
438446.000000 
410186.000000 
935300.000000 
677341.000000 
923953.000000 
68148.000000 
373560.000000 
535419.000000 
151154.000000 
1038192.000000 
628405.000000 
182866.000000 
176445.000000 
145740.000000 
931331.000000 
19786.000000 
368804.000000 
332943.000000 
804667.000000 
941728.000000 
352340.000000 
1008314.000000 
745995.000000 
724231.000000 
1026736.000000 
857923.000000 
42609.000000 
340139.000000 
539366.000000 
810365.000000 
789368.000000 
438037.000000 
539728.000000 
231040.000000 
387740.000000 
802033.000000 
763462.000000 
654141.000000 
744147.000000 
603004.000000 
160190.000000 
591564.000000 
941804.000000 
101693.000000 
264109.000000 
1040458.000000 
157942.000000 
709656.000000 
213635.000000 
260458.000000 
940615.000000 
183923.000000 
666026.000000 
93983.000000 
823765.000000 
884770.000000 
412733.000000 
621082.000000 
500446.000000 
747775.000000 
650699.000000 
255595.000000 
413224.000000 
580249.000000 
735042.000000 
371006.000000 
226563.000000 
361866.000000 
859044.000000 
793192.000000 
1003208.000000 
572954.000000 
1005558.000000 
4877.000000 
452453.000000 
846259.000000 
436154.000000 
814280.000000 
697065.000000 
295906.000000 
687676.000000 
190634.000000 
1015473.000000 
638686.000000 
812896.000000 
88452.000000 
139668.000000 
642989.000000 
423250.000000 
311358.000000 
914316.000000 
851859.000000 
882725.000000 
295701.000000 
145844.000000 
233818.000000 
674811.000000 
272517.000000 
972087.000000 
580587.000000 
699339.000000 
2588.000000 
376874.000000 
394491.000000 
977836.000000 
609983.000000 
890216.000000 
700285.000000 
822698.000000 
481898.000000 
533539.000000 
303843.000000 
895519.000000 
742411.000000 
738261.000000 
978974.000000 
747086.000000 
96353.000000 
124854.000000 
125514.000000 
588937.000000 
692829.000000 
372013.000000 
440201.000000 
981031.000000 
579376.000000 
615312.000000 
1022359.000000 
391844.000000 
244202.000000 
914316.000000 
625655.000000 
938555.000000 
129620.000000 
120505.000000 
1038917.000000 
383569.000000 
163115.000000 
350871.000000 
840677.000000 
754591.000000 
768550.000000 
659314.000000 
1029020.000000 
719351.000000 
834666.000000 
145740.000000 
364226.000000 
168355.000000 
97241.000000 
1046450.000000 
55385.000000 
348583.000000 
500137.000000 
885619.000000 
927844.000000 
417300.000000 
514221.000000 
179335.000000 
870015.000000 
386861.000000 
495453.000000 
270276.000000 
410233.000000 
680630.000000 
704208.000000 
583537.000000 
137386.000000 
430351.000000 
912512.000000 
788207.000000 
178523.000000 
605580.000000 
154020.000000 
325925.000000 
422047.000000 
498394.000000 
786432.000000 
285942.000000 
675193.000000 
910044.000000 
344886.000000 
164633.000000 
58296.000000 
753013.000000 
310913.000000 
842947.000000 
693791.000000 
208774.000000 
241073.000000 
537482.000000 
246502.000000 
336126.000000 
535191.000000 
542669.000000 
589589.000000 
731029.000000 
903335.000000 
532368.000000 
702584.000000 
32287.000000 
30326.000000 
801731.000000 
673830.000000 
584345.000000 
845914.000000 
759372.000000 
249802.000000 
721336.000000 
912000.000000 
879738.000000 
25058.000000 
162728.000000 
672236.000000 
749670.000000 
451257.000000 
865331.000000 
549858.000000 
150571.000000 
801761.000000 
194075.000000 
60761.000000 
270979.000000 
872655.000000 
960362.000000 
824682.000000 
954246.000000 
569970.000000 
266216.000000 
708375.000000 
576433.000000 
1005606.000000 
537500.000000 
469799.000000 
19613.000000 
824363.000000 
341849.000000 
632509.000000 
39174.000000 
900736.000000 
534786.000000 
200709.000000 
8961.000000 
872304.000000 
526871.000000 
587062.000000 
851705.000000 
57510.000000 
522545.000000 
238497.000000 
1044757.000000 
897841.000000 
340139.000000 
302412.000000 
5953.000000 
189318.000000 
1034798.000000 
590886.000000 
695903.000000 
872080.000000 
728599.000000 
410373.000000 
542479.000000 
152537.000000 
11326.000000 
671342.000000 
8446.000000 
588937.000000 
669601.000000 
719828.000000 
941657.000000 
70291.000000 
202964.000000 
944677.000000 
928692.000000 
209673.000000 
443709.000000 
57779.000000 
611208.000000 
283879.000000 
171842.000000 
954682.000000 
760143.000000 
865120.000000 
440686.000000 
479867.000000 
553430.000000 
324502.000000 
227722.000000 
857563.000000 
269003.000000 
1044605.000000 
139668.000000 
278430.000000 
484876.000000 
43965.000000 
609803.000000 
243331.000000 
437108.000000 
730943.000000 
629037.000000 
876805.000000 
548950.000000 
875535.000000 
1038995.000000 
1047040.000000 
824257.000000 
58484.000000 
569895.000000 
276780.000000 
1041415.000000 
776053.000000 
699204.000000 
229067.000000 
85691.000000 
393397.000000 
651471.000000 
482676.000000 
101880.000000 
984521.000000 
79928.000000 
241330.000000 
142470.000000 
1040153.000000 
589589.000000 
783229.000000 
953788.000000 
867637.000000 
259312.000000 
708115.000000 
236732.000000 
847770.000000 
287887.000000 
858335.000000 
374327.000000 
503653.000000 
706975.000000 
722791.000000 
597246.000000 
595826.000000 
935300.000000 
341659.000000 
718213.000000 
997378.000000 
644614.000000 
706267.000000 
201882.000000 
978825.000000 
1004761.000000 
942359.000000 
317171.000000 
43469.000000 
654503.000000 
160586.000000 
86491.000000 
914494.000000 
278792.000000 
306174.000000 
574226.000000 
895573.000000 
819333.000000 
715646.000000 
124854.000000 
546608.000000 
1002783.000000 
144503.000000 
744147.000000 
943982.000000 
113371.000000 
150200.000000 
708375.000000 
525857.000000 
1003328.000000 
252873.000000 
554667.000000 
293215.000000 
845934.000000 
999335.000000 
676932.000000 
463937.000000 
717523.000000 
16026.000000 
753337.000000 
833358.000000 
28714.000000 
635783.000000 
327771.000000 
838261.000000 
700485.000000 
59250.000000 
544002.000000 
852352.000000 
218105.000000 
47684.000000 
1008736.000000 
763462.000000 
717991.000000 
602935.000000 
849071.000000 
154914.000000 
130283.000000 
704849.000000 
909482.000000 
771260.000000 
4475.000000 
626302.000000 
475259.000000 
35115.000000 
721828.000000 
61486.000000 
811813.000000 
94121.000000 
765415.000000 
823184.000000 
8843.000000 
249139.000000 
807468.000000 
607642.000000 
620429.000000 
632757.000000 
59641.000000 
707097.000000 
1044272.000000 
608445.000000 
980021.000000 
207258.000000 
133839.000000 
682097.000000 
30505.000000 
124525.000000 
468338.000000 
815324.000000 
143932.000000 
1031977.000000 
923218.000000 
752615.000000 
971992.000000 
812222.000000 
449733.000000 
531571.000000 
215265.000000 
503213.000000 
141096.000000 
563319.000000 
953846.000000 
600274.000000 
181531.000000 
310243.000000 
115773.000000 
904354.000000 
1040153.000000 
834503.000000 
954848.000000 
297720.000000 
991539.000000 
689240.000000 
524320.000000 
35420.000000 
987384.000000 
725474.000000 
194075.000000 
569140.000000 
218105.000000 
749227.000000 
138196.000000 
528565.000000 
175070.000000 
134183.000000 
591418.000000 
1041398.000000 
1037557.000000 
455624.000000 
906325.000000 
487540.000000 
1259.000000 
181579.000000 
511324.000000 
580284.000000 
171257.000000 
737248.000000 
462355.000000 
201251.000000 
25186.000000 
514473.000000 
910856.000000 
133019.000000 
605369.000000 
558106.000000 
1013878.000000 
973867.000000 
108387.000000 
129929.000000 
157491.000000 
925473.000000 
534434.000000 
943923.000000 
589157.000000 
654802.000000 
456531.000000 
695454.000000 
704257.000000 
786432.000000 
444317.000000 
971251.000000 
618095.000000 
658759.000000 
693711.000000 
665228.000000 
673371.000000 
1029691.000000 
946206.000000 
169540.000000 
864173.000000 
503844.000000 
694522.000000 
93614.000000 
459751.000000 
868094.000000 
793192.000000 
