1.000000 0.000000 0.000000 0.000000 0.000000 0.000000 0.000000 0.000000 0.000000 0.000000 0.000000 0.000000 0.000000 0.000000 0.000000 0.000000 0.000000 0.000000 0.000000 0.000000 0.000000 0.000000 0.000000 0.000000 0.000000 0.000000 0.000000 0.000000 0.000000 0.000000 0.000000 0.000000 0.000000 0.000000 0.000000 0.000000 0.000000 0.000000 0.000000 0.000000 
0.076923 1.000000 0.000000 0.000000 0.000000 0.000000 0.000000 0.000000 0.000000 0.000000 0.000000 0.000000 0.000000 0.000000 0.000000 0.000000 0.000000 0.000000 0.000000 0.000000 0.000000 0.000000 0.000000 0.000000 0.000000 0.000000 0.000000 0.000000 0.000000 0.000000 0.000000 0.000000 0.000000 0.000000 0.000000 0.000000 0.000000 0.000000 0.000000 0.000000 
0.384615 -0.161765 1.000000 0.000000 0.000000 0.000000 0.000000 0.000000 0.000000 0.000000 0.000000 0.000000 0.000000 0.000000 0.000000 0.000000 0.000000 0.000000 0.000000 0.000000 0.000000 0.000000 0.000000 0.000000 0.000000 0.000000 0.000000 0.000000 0.000000 0.000000 0.000000 0.000000 0.000000 0.000000 0.000000 0.000000 0.000000 0.000000 0.000000 0.000000 
0.230769 -0.011029 -0.334016 1.000000 0.000000 0.000000 0.000000 0.000000 0.000000 0.000000 0.000000 0.000000 0.000000 0.000000 0.000000 0.000000 0.000000 0.000000 0.000000 0.000000 0.000000 0.000000 0.000000 0.000000 0.000000 0.000000 0.000000 0.000000 0.000000 0.000000 0.000000 0.000000 0.000000 0.000000 0.000000 0.000000 0.000000 0.000000 0.000000 0.000000 
-0.307692 -0.367647 0.153005 0.059015 1.000000 0.000000 0.000000 0.000000 0.000000 0.000000 0.000000 0.000000 0.000000 0.000000 0.000000 0.000000 0.000000 0.000000 0.000000 0.000000 0.000000 0.000000 0.000000 0.000000 0.000000 0.000000 0.000000 0.000000 0.000000 0.000000 0.000000 0.000000 0.000000 0.000000 0.000000 0.000000 0.000000 0.000000 0.000000 0.000000 
-0.230769 -0.132353 -0.478142 0.014045 0.494755 1.000000 0.000000 0.000000 0.000000 0.000000 0.000000 0.000000 0.000000 0.000000 0.000000 0.000000 0.000000 0.000000 0.000000 0.000000 0.000000 0.000000 0.000000 0.000000 0.000000 0.000000 0.000000 0.000000 0.000000 0.000000 0.000000 0.000000 0.000000 0.000000 0.000000 0.000000 0.000000 0.000000 0.000000 0.000000 
0.153846 -0.341912 0.282104 0.470863 0.419533 -0.415634 1.000000 0.000000 0.000000 0.000000 0.000000 0.000000 0.000000 0.000000 0.000000 0.000000 0.000000 0.000000 0.000000 0.000000 0.000000 0.000000 0.000000 0.000000 0.000000 0.000000 0.000000 0.000000 0.000000 0.000000 0.000000 0.000000 0.000000 0.000000 0.000000 0.000000 0.000000 0.000000 0.000000 0.000000 
-0.153846 -0.136029 -0.217896 -0.448765 -0.337983 -0.255426 0.365632 1.000000 0.000000 0.000000 0.000000 0.000000 0.000000 0.000000 0.000000 0.000000 0.000000 0.000000 0.000000 0.000000 0.000000 0.000000 0.000000 0.000000 0.000000 0.000000 0.000000 0.000000 0.000000 0.000000 0.000000 0.000000 0.000000 0.000000 0.000000 0.000000 0.000000 0.000000 0.000000 0.000000 
-0.153846 -0.422794 -0.309426 -0.242792 0.177817 0.191738 0.306282 -0.105604 1.000000 0.000000 0.000000 0.000000 0.000000 0.000000 0.000000 0.000000 0.000000 0.000000 0.000000 0.000000 0.000000 0.000000 0.000000 0.000000 0.000000 0.000000 0.000000 0.000000 0.000000 0.000000 0.000000 0.000000 0.000000 0.000000 0.000000 0.000000 0.000000 0.000000 0.000000 0.000000 
0.230769 0.180147 -0.211066 0.429565 0.418550 0.107203 0.381179 0.003297 -0.355944 1.000000 0.000000 0.000000 0.000000 0.000000 0.000000 0.000000 0.000000 0.000000 0.000000 0.000000 0.000000 0.000000 0.000000 0.000000 0.000000 0.000000 0.000000 0.000000 0.000000 0.000000 0.000000 0.000000 0.000000 0.000000 0.000000 0.000000 0.000000 0.000000 0.000000 0.000000 
-0.307692 -0.463235 -0.465847 0.343717 -0.043503 0.485075 0.061192 0.476240 -0.298165 0.455105 1.000000 0.000000 0.000000 0.000000 0.000000 0.000000 0.000000 0.000000 0.000000 0.000000 0.000000 0.000000 0.000000 0.000000 0.000000 0.000000 0.000000 0.000000 0.000000 0.000000 0.000000 0.000000 0.000000 0.000000 0.000000 0.000000 0.000000 0.000000 0.000000 0.000000 
-0.461538 0.356618 -0.254781 -0.022968 0.131365 0.383189 0.327086 -0.420053 -0.162801 -0.072881 0.330716 1.000000 0.000000 0.000000 0.000000 0.000000 0.000000 0.000000 0.000000 0.000000 0.000000 0.000000 0.000000 0.000000 0.000000 0.000000 0.000000 0.000000 0.000000 0.000000 0.000000 0.000000 0.000000 0.000000 0.000000 0.000000 0.000000 0.000000 0.000000 0.000000 
-0.307692 0.110294 -0.189891 0.351061 -0.305364 -0.244786 -0.028456 0.412034 0.122127 0.399800 -0.232660 0.236104 1.000000 0.000000 0.000000 0.000000 0.000000 0.000000 0.000000 0.000000 0.000000 0.000000 0.000000 0.000000 0.000000 0.000000 0.000000 0.000000 0.000000 0.000000 0.000000 0.000000 0.000000 0.000000 0.000000 0.000000 0.000000 0.000000 0.000000 0.000000 
0.153846 -0.246324 0.018443 -0.150018 -0.014899 -0.176772 -0.111670 -0.212762 0.319993 0.492067 0.032726 0.002748 -0.209913 1.000000 0.000000 0.000000 0.000000 0.000000 0.000000 0.000000 0.000000 0.000000 0.000000 0.000000 0.000000 0.000000 0.000000 0.000000 0.000000 0.000000 0.000000 0.000000 0.000000 0.000000 0.000000 0.000000 0.000000 0.000000 0.000000 0.000000 
0.230769 -0.393382 -0.440574 -0.122701 0.333552 -0.010551 0.215191 0.338594 -0.366080 -0.198156 0.068029 -0.043369 0.003386 0.219493 1.000000 0.000000 0.000000 0.000000 0.000000 0.000000 0.000000 0.000000 0.000000 0.000000 0.000000 0.000000 0.000000 0.000000 0.000000 0.000000 0.000000 0.000000 0.000000 0.000000 0.000000 0.000000 0.000000 0.000000 0.000000 0.000000 
-0.307692 -0.415441 0.424180 -0.447863 0.492951 0.477580 -0.393429 -0.297249 0.020500 0.168248 0.081908 0.334272 -0.390370 -0.095842 -0.178748 1.000000 0.000000 0.000000 0.000000 0.000000 0.000000 0.000000 0.000000 0.000000 0.000000 0.000000 0.000000 0.000000 0.000000 0.000000 0.000000 0.000000 0.000000 0.000000 0.000000 0.000000 0.000000 0.000000 0.000000 0.000000 
0.307692 -0.158088 0.043033 0.022002 0.437334 -0.276722 -0.181243 0.166677 0.492096 -0.050048 0.486036 0.055868 -0.248374 0.439314 -0.141695 -0.302871 1.000000 0.000000 0.000000 0.000000 0.000000 0.000000 0.000000 0.000000 0.000000 0.000000 0.000000 0.000000 0.000000 0.000000 0.000000 0.000000 0.000000 0.000000 0.000000 0.000000 0.000000 0.000000 0.000000 0.000000 
-0.461538 0.308824 -0.355191 0.433979 -0.202353 -0.274014 0.186924 -0.405965 -0.113984 -0.461512 0.014623 0.072291 -0.057807 0.016097 0.246531 -0.420028 -0.113988 1.000000 0.000000 0.000000 0.000000 0.000000 0.000000 0.000000 0.000000 0.000000 0.000000 0.000000 0.000000 0.000000 0.000000 0.000000 0.000000 0.000000 0.000000 0.000000 0.000000 0.000000 0.000000 0.000000 
-0.461538 -0.312500 -0.359973 -0.206005 0.233835 -0.321939 -0.021114 -0.062860 -0.165518 -0.425032 0.024421 -0.361145 -0.224673 0.466996 0.107953 0.307557 0.282700 -0.458718 1.000000 0.000000 0.000000 0.000000 0.000000 0.000000 0.000000 0.000000 0.000000 0.000000 0.000000 0.000000 0.000000 0.000000 0.000000 0.000000 0.000000 0.000000 0.000000 0.000000 0.000000 0.000000 
0.384615 0.220588 0.038251 0.325226 -0.313557 0.387491 -0.213261 0.165206 -0.246971 -0.038491 0.493240 0.106417 0.342201 -0.000278 0.318350 -0.240775 -0.213666 0.085666 -0.065969 1.000000 0.000000 0.000000 0.000000 0.000000 0.000000 0.000000 0.000000 0.000000 0.000000 0.000000 0.000000 0.000000 0.000000 0.000000 0.000000 0.000000 0.000000 0.000000 0.000000 0.000000 
0.076923 -0.099265 0.384563 0.346584 0.295330 -0.476528 -0.289952 -0.013785 -0.204901 -0.270212 -0.025224 0.215894 0.296437 -0.048481 -0.089769 -0.382425 -0.053861 -0.023663 0.325979 -0.006560 1.000000 0.000000 0.000000 0.000000 0.000000 0.000000 0.000000 0.000000 0.000000 0.000000 0.000000 0.000000 0.000000 0.000000 0.000000 0.000000 0.000000 0.000000 0.000000 0.000000 
-0.307692 -0.033088 -0.165984 0.485552 -0.328374 0.497399 -0.454865 0.138147 0.282460 0.211263 0.181060 0.120594 -0.375335 0.223353 -0.041345 -0.414985 -0.291513 0.145704 0.313768 0.134842 -0.285670 1.000000 0.000000 0.000000 0.000000 0.000000 0.000000 0.000000 0.000000 0.000000 0.000000 0.000000 0.000000 0.000000 0.000000 0.000000 0.000000 0.000000 0.000000 0.000000 
-0.230769 0.058824 -0.076503 -0.053088 -0.236796 0.117564 0.164515 0.490681 0.230313 0.470264 -0.102315 -0.012304 -0.016969 -0.216000 0.019315 -0.106668 0.282161 -0.481495 0.442027 0.427570 0.380573 -0.361541 1.000000 0.000000 0.000000 0.000000 0.000000 0.000000 0.000000 0.000000 0.000000 0.000000 0.000000 0.000000 0.000000 0.000000 0.000000 0.000000 0.000000 0.000000 
-0.307692 0.492647 -0.315574 0.048256 -0.182855 -0.428992 -0.075554 0.287102 -0.395261 -0.437527 0.265481 0.274703 0.051051 -0.155986 0.236379 0.455098 -0.499877 0.150978 -0.454067 0.478776 0.294548 -0.174052 0.421944 1.000000 0.000000 0.000000 0.000000 0.000000 0.000000 0.000000 0.000000 0.000000 0.000000 0.000000 0.000000 0.000000 0.000000 0.000000 0.000000 0.000000 
0.230769 0.036765 -0.001366 0.396547 -0.012090 0.444261 0.499573 0.155373 -0.267529 0.414372 0.494265 0.118787 -0.371793 -0.494248 -0.256399 -0.390826 -0.094490 0.178910 -0.162274 0.180320 0.304345 -0.491404 -0.458987 -0.392245 1.000000 0.000000 0.000000 0.000000 0.000000 0.000000 0.000000 0.000000 0.000000 0.000000 0.000000 0.000000 0.000000 0.000000 0.000000 0.000000 
-0.230769 0.202206 0.317623 0.315852 -0.127813 -0.101211 -0.260847 -0.138839 -0.068369 -0.480696 0.139959 0.158957 -0.042210 -0.120558 0.254923 0.014281 -0.237148 0.108988 -0.388873 0.124919 -0.014681 -0.252270 -0.349751 0.250754 0.367485 1.000000 0.000000 0.000000 0.000000 0.000000 0.000000 0.000000 0.000000 0.000000 0.000000 0.000000 0.000000 0.000000 0.000000 0.000000 
0.307692 0.272059 -0.028689 -0.129949 -0.482747 -0.409084 0.276154 -0.332700 -0.037313 -0.395044 -0.140803 0.037296 -0.494145 -0.298605 -0.135477 0.458045 -0.123068 -0.456174 0.398758 0.271609 -0.114283 -0.071591 -0.137658 -0.099724 0.167687 0.456310 1.000000 0.000000 0.000000 0.000000 0.000000 0.000000 0.000000 0.000000 0.000000 0.000000 0.000000 0.000000 0.000000 0.000000 
0.307692 0.128676 0.273907 -0.498244 -0.165455 0.400895 0.005762 -0.183544 0.188598 0.143645 0.288615 -0.297660 -0.029827 -0.383552 0.412594 0.231432 0.254352 -0.309736 0.252991 -0.361340 0.185695 0.233110 0.218438 0.315008 0.066605 0.181245 0.000000 1.000000 0.000000 0.000000 0.000000 0.000000 0.000000 0.000000 0.000000 0.000000 0.000000 0.000000 0.000000 0.000000 
-0.384615 -0.459559 -0.029372 0.241246 0.433187 -0.153692 0.363088 -0.377383 0.474883 0.255554 -0.104942 -0.122142 -0.358177 0.429478 -0.383266 -0.420740 0.012863 0.022051 0.215094 0.184856 0.389519 -0.066802 0.057212 -0.453991 -0.059271 -0.161289 0.000000 0.000000 1.000000 0.000000 0.000000 0.000000 0.000000 0.000000 0.000000 0.000000 0.000000 0.000000 0.000000 0.000000 
-0.230769 0.202206 0.085383 -0.480849 0.134689 -0.469048 -0.181042 -0.144254 0.132630 0.205574 -0.265932 0.329238 -0.025230 -0.169828 -0.341215 0.456558 -0.029015 0.024322 -0.244978 0.254226 0.026255 0.446493 0.422391 0.144544 -0.132077 -0.359409 0.000000 0.000000 0.000000 1.000000 0.000000 0.000000 0.000000 0.000000 0.000000 0.000000 0.000000 0.000000 0.000000 0.000000 
0.307692 0.367647 0.218579 -0.142512 -0.487787 -0.144075 0.243705 -0.217792 0.266268 -0.405231 -0.395938 0.362907 0.035372 -0.134133 -0.127336 -0.155266 0.481549 0.474038 0.291220 0.377682 0.212531 -0.247916 0.038800 0.125444 -0.026311 -0.071598 -0.000000 0.000000 -0.000000 0.000000 1.000000 0.000000 0.000000 0.000000 0.000000 0.000000 0.000000 0.000000 0.000000 0.000000 
-0.076923 0.290441 0.017077 -0.476597 -0.424644 0.248335 0.328515 0.392476 -0.470509 0.187377 -0.153373 0.447206 -0.167870 0.277367 0.218968 0.495761 -0.054661 0.431051 0.353256 0.213804 0.212963 -0.352631 -0.027563 0.399061 0.043163 0.117455 -0.000000 -0.000000 -0.000000 -0.000000 0.000000 1.000000 0.000000 0.000000 0.000000 0.000000 0.000000 0.000000 0.000000 0.000000 
-0.153846 -0.470588 0.101093 0.193667 0.392320 0.152254 -0.294112 0.474910 0.347937 0.317268 -0.387816 0.292750 -0.229717 -0.160729 -0.393814 -0.376586 -0.484949 0.060128 0.208163 -0.453317 -0.075850 0.364691 0.409214 0.004186 -0.041813 -0.113780 0.000000 0.000000 0.000000 0.000000 -0.000000 -0.000000 1.000000 0.000000 0.000000 0.000000 0.000000 0.000000 0.000000 0.000000 
0.461538 -0.404412 -0.449454 0.081113 -0.139016 0.329620 -0.471116 0.208491 0.079020 0.422095 -0.006424 0.015123 0.235808 0.443820 0.454953 0.005533 -0.040173 0.190646 0.051279 -0.425641 -0.346944 -0.348061 -0.191856 0.193483 -0.180591 -0.491423 0.000000 0.000000 0.000000 0.000000 0.000000 -0.000000 0.000000 1.000000 0.000000 0.000000 0.000000 0.000000 0.000000 0.000000 
-0.230769 -0.323529 0.142077 0.480366 0.498393 0.043510 0.195189 0.182378 0.423841 -0.327717 0.426368 -0.149707 -0.110542 -0.352391 -0.357350 -0.390980 0.087897 0.413113 -0.405348 -0.412544 -0.459190 0.403436 0.391975 0.251238 0.044077 0.119943 -0.000000 0.000000 -0.000000 0.000000 -0.000000 0.000000 -0.000000 -0.000000 1.000000 0.000000 0.000000 0.000000 0.000000 0.000000 
-0.307692 0.349265 -0.384563 -0.362304 -0.219499 -0.035423 0.204908 0.066629 -0.266482 -0.169231 0.295923 -0.277791 0.486100 0.042117 0.289657 -0.196135 0.097737 -0.199978 0.481292 0.274076 -0.479553 -0.365169 0.103730 0.412694 -0.147941 -0.402577 -0.000000 0.000000 0.000000 0.000000 0.000000 -0.000000 -0.000000 0.000000 -0.000000 1.000000 0.000000 0.000000 0.000000 0.000000 
0.230769 0.132353 -0.404372 -0.475985 0.053801 0.246388 -0.044100 0.253114 0.471401 0.483742 0.279507 -0.030703 0.334438 -0.418055 0.183678 -0.344703 0.418416 0.241496 -0.196834 -0.217161 0.303829 -0.052761 -0.086852 0.417797 -0.108337 -0.294806 0.000000 0.000000 0.000000 0.000000 -0.000000 -0.000000 -0.000000 -0.000000 -0.000000 -0.000000 1.000000 0.000000 0.000000 0.000000 
0.076923 -0.290441 -0.342213 -0.424991 0.044814 -0.120860 -0.364760 -0.310399 -0.453885 -0.040898 -0.394333 0.378261 -0.026073 -0.385299 -0.268461 0.140024 -0.258119 0.351489 -0.438222 -0.371356 -0.473651 -0.453007 0.068042 0.185417 0.151348 0.411847 -0.000000 -0.000000 -0.000000 -0.000000 0.000000 0.000000 0.000000 0.000000 0.000000 0.000000 0.000000 1.000000 0.000000 0.000000 
-0.076923 0.051471 0.165301 -0.098637 -0.027180 -0.482724 -0.237118 -0.001262 -0.263308 0.270851 0.018790 0.257605 0.367441 0.193503 -0.220355 -0.035938 0.455089 -0.304145 -0.319638 -0.462805 0.308861 0.495632 0.176153 -0.109621 -0.168088 -0.457401 0.000000 0.000000 0.000000 -0.000000 -0.000000 -0.000000 -0.000000 0.000000 0.000000 0.000000 0.000000 -0.000000 1.000000 0.000000 
-0.076923 0.242647 -0.269126 0.273620 0.462462 -0.228313 0.370960 0.051193 0.274291 -0.032201 -0.053870 0.352254 -0.230733 0.186504 -0.121771 0.286395 0.062970 0.486559 -0.402341 -0.339165 0.129694 0.306568 0.488509 -0.470188 -0.058925 -0.160348 -0.000000 -0.000000 -0.000000 -0.000000 -0.000000 0.000000 -0.000000 -0.000000 -0.000000 -0.000000 -0.000000 -0.000000 0.000000 1.000000 